arity_profile: [1-20]
avg_arity: 10.658493870402802
max_arity: 20.0
min_arity: 1.0
n_components: 2922
n_edges: 17370
n_exist_vars: 491
n_facts: 22656
n_nodes: 6012
n_predicates: 571.0
n_rules: 1364
n_spacial_components: 1
n_special_edges: 2924
predicate_profile: [400-600]
rule_profile: [1000-2000)
t_component: 15.2672
t_graph: 33.2198
t_parse: 123.1597
t_terminate_graph: 69.560394
terminates_graph: false
weakly_acyclic: false
