arity_profile: [1-20]
avg_arity: 10.247349823321555
max_arity: 20.0
min_arity: 1.0
n_components: 446
n_edges: 14505
n_exist_vars: 429
n_facts: 11437
n_nodes: 2889
n_predicates: 283.0
n_rules: 1223
n_spacial_components: 1
n_special_edges: 2374
predicate_profile: [200-400)
rule_profile: [1000-2000)
t_component: 11.3397
t_graph: 28.7023
t_parse: 133.9216
t_terminate_graph: 55.660797
terminates_graph: false
weakly_acyclic: false
