arity_profile: [1-10]
avg_arity: 5.6518375241779495
max_arity: 10.0
min_arity: 1.0
n_components: 537
n_edges: 11912
n_exist_vars: 481
n_facts: 20664
n_nodes: 2921
n_predicates: 517.0
n_rules: 1962
n_spacial_components: 1
n_special_edges: 1310
predicate_profile: [400-600]
rule_profile: [1000-2000)
t_component: 9.4287
t_graph: 24.4957
t_parse: 107.83489
t_terminate_graph: 45.945
terminates_graph: false
weakly_acyclic: false
