arity_profile: [1-10]
avg_arity: 5.5984251968503935
max_arity: 10.0
min_arity: 1.0
n_components: 174
n_edges: 11526
n_exist_vars: 434
n_facts: 15182
n_nodes: 2131
n_predicates: 381.0
n_rules: 1896
n_spacial_components: 1
n_special_edges: 1180
predicate_profile: [200-400)
rule_profile: [1000-2000)
t_component: 8.5732
t_graph: 20.8001
t_parse: 105.864494
t_terminate_graph: 40.7647
terminates_graph: false
weakly_acyclic: false
