arity_profile: [1-20]
avg_arity: 9.848101265822784
max_arity: 20.0
min_arity: 1.0
n_components: 731
n_edges: 13996
n_exist_vars: 435
n_facts: 12626
n_nodes: 3110
n_predicates: 316.0
n_rules: 1239
n_spacial_components: 1
n_special_edges: 2226
predicate_profile: [200-400)
rule_profile: [1000-2000)
t_component: 10.7829
t_graph: 25.5717
t_parse: 104.72951
t_terminate_graph: 49.926697
terminates_graph: false
weakly_acyclic: false
