t_component: 0.635431
t_shapes: 0.51003
t_terminate: 427.2783
