avg_arity: 2.6253918495297808
max_arity: 5.0
min_arity: 1.0
n_components: 1
n_edges: 913544
n_exist_vars: 322822
n_facts: 0
n_nodes: 1675
n_predicates: 638.0
n_rules: 374083
n_spacial_components: 1
n_special_edges: 231888
t_component: 104.974495
t_graph: 6102.505
t_parse: 4790.2725
t_terminate_graph: 6208.1157
terminates_graph: false
weakly_acyclic: false
