avg_arity: 1.3150684931506849
max_arity: 2.0
min_arity: 1.0
n_components: 1
n_edges: 18432
n_exist_vars: 615982
n_facts: 0
n_nodes: 96
n_predicates: 73.0
n_rules: 1230255
n_spacial_components: 1
n_special_edges: 4416
t_component: 3.570201
t_graph: 2064.5615
t_parse: 11437.945
t_terminate_graph: 2068.6191
terminates_graph: false
weakly_acyclic: false
