avg_arity: 2.715197956577267
max_arity: 5.0
min_arity: 1.0
n_components: 18
n_edges: 153138
n_exist_vars: 35601
n_facts: 0
n_nodes: 2126
n_predicates: 783.0
n_rules: 41207
n_spacial_components: 1
n_special_edges: 34837
t_component: 21.6399
t_graph: 185.301
t_parse: 614.3566
t_terminate_graph: 207.55399
terminates_graph: false
weakly_acyclic: false
