avg_arity: 2.6277777777777778
max_arity: 5.0
min_arity: 1.0
n_components: 1081
n_edges: 11114
n_exist_vars: 1464
n_facts: 0
n_nodes: 1653
n_predicates: 720.0
n_rules: 3204
n_spacial_components: 1
n_special_edges: 1570
t_component: 4.861701
t_graph: 15.5434
t_parse: 94.3972
t_terminate_graph: 21.077702
terminates_graph: false
weakly_acyclic: false
