avg_arity: 3.7604869349461114
max_arity: 8.0
min_arity: 1.0
n_components: 23062
n_edges: 123056
n_exist_vars: 19704
n_facts: 0
n_nodes: 23064
n_predicates: 12897.0
n_rules: 13305
n_spacial_components: 1
n_special_edges: 39188
t_component: 21.3141
t_graph: 75.0206
t_parse: 363.81628
t_terminate_graph: 97.0567
terminates_graph: false
weakly_acyclic: false
