avg_arity: 2.7038327526132404
max_arity: 5.0
min_arity: 1.0
n_components: 1
n_edges: 3889054
n_exist_vars: 1751271
n_facts: 0
n_nodes: 2328
n_predicates: 861.0
n_rules: 3500923
n_spacial_components: 1
n_special_edges: 779824
t_component: 275.15192
t_graph: 97329.67
t_parse: 37764.69
t_terminate_graph: 97605.445
terminates_graph: false
weakly_acyclic: false
