avg_arity: 2.679123711340206
max_arity: 5.0
min_arity: 1.0
n_components: 1046
n_edges: 18392
n_exist_vars: 3902
n_facts: 0
n_nodes: 1917
n_predicates: 776.0
n_rules: 4323
n_spacial_components: 1
n_special_edges: 4060
t_component: 5.306701
t_graph: 23.5427
t_parse: 121.5224
t_terminate_graph: 29.494503
terminates_graph: false
weakly_acyclic: false
