avg_arity: 1.3421052631578947
max_arity: 2.0
min_arity: 1.0
n_components: 1
n_edges: 20568
n_exist_vars: 74788
n_facts: 0
n_nodes: 102
n_predicates: 76.0
n_rules: 126154
n_spacial_components: 1
n_special_edges: 5107
t_component: 40.6918
t_graph: 298.41068
t_parse: 1361.7356
t_terminate_graph: 340.35928
terminates_graph: false
weakly_acyclic: false
