avg_arity: 4.112911471183126
max_arity: 9.0
min_arity: 1.0
n_components: 480398
n_edges: 2572012
n_exist_vars: 326151
n_facts: 0
n_nodes: 481767
n_predicates: 179964.0
n_rules: 234196
n_spacial_components: 2
n_special_edges: 740165
t_component: 379.45868
t_graph: 1517.0834
t_parse: 4230.6333
t_terminate_graph: 1897.179
terminates_graph: false
weakly_acyclic: false
