t_linear_db-l: 7.234016
t_linear_rules-l: 372.104736
